16
29
39
67
68
96
109
119
127
128
176
189
199
207
208
227
228
256
269
279
287
288
307
308
336
359
367
368
387
388
509
519
527
528
576
589
599
607
608
627
628
656
669
679
687
688
707
708
736
759
767
768
787
788
816
829
839
867
868
896
909
919
927
928
976
989
999
1007
1008
1027
1028
1056
1069
1079
1087
1088
1107
1108
1136
1159
1167
1168
1187
1188
1216
1229
1239
1267
1268
1296
1309
1319
1327
1328
1376
1389
1399
1507
1508
1536
1559
1567
1568
1587
1588
1616
1629
1639
1667
1668
1696
1709
1719
1727
1728
1776
1789
1799
1807
1808
1827
1828
1856
1869
1879
1887
1888
1907
1908
1936
1959
1967
1968
1987
1988
2016
2029
2039
2067
2068
2096
2109
2119
2127
2128
2176
2189
2199
2207
2208
2227
2228
2256
2269
2279
2287
2288
2307
2308
2336
2359
2367
2368
2387
2388
2509
2519
2527
2528
2576
2589
2599
2607
2608
2627
2628
2656
2669
2679
2687
2688
2707
2708
2736
2759
2767
2768
2787
2788
2816
2829
2839
2867
2868
2896
2909
2919
2927
2928
2976
2989
2999
3007
3008
3027
3028
3056
3069
3079
3087
3088
3107
3108
3136
3159
3167
3168
3187
3188
3216
3229
3239
3267
3268
3296
3309
3319
3327
3328
3376
3389
3399
3507
3508
3536
3559
3567
3568
3587
3588
3616
3629
3639
3667
3668
3696
3709
3719
3727
3728
3776
3789
3799
3807
3808
3827
3828
3856
3869
3879
3887
3888
3907
3908
3936
3959
3967
3968
3987
3988
5007
5008
5027
5028
5056
5069
5079
5087
5088
5107
5108
5136
5159
5167
5168
5187
5188
5216
5229
5239
5267
5268
5296
5309
5319
5327
5328
5376
5389
5399
5507
5508
5536
5559
5567
5568
5587
5588
5616
5629
5639
5667
5668
5696
5709
5719
5727
5728
5776
5789
5799
5807
5808
5827
5828
5856
5869
5879
5887
5888
5907
5908
5936
5959
5967
5968
5987
5988
6016
6029
6039
6067
6068
6096
6109
6119
6127
6128
6176
6189
6199
6207
6208
6227
6228
6256
6269
6279
6287
6288
6307
6308
6336
6359
6367
6368
6387
6388
6509
6519
6527
6528
6576
6589
6599
6607
6608
6627
6628
6656
6669
6679
6687
6688
6707
6708
6736
6759
6767
6768
6787
6788
6816
6829
6839
6867
6868
6896
6909
6919
6927
6928
6976
6989
6999
7007
7008
7027
7028
7056
7069
7079
7087
7088
7107
7108
7136
7159
7167
7168
7187
7188
7216
7229
7239
7267
7268
7296
7309
7319
7327
7328
7376
7389
7399
7507
7508
7536
7559
7567
7568
7587
7588
7616
7629
7639
7667
7668
7696
7709
7719
7727
7728
7776
7789
7799
7807
7808
7827
7828
7856
7869
7879
7887
7888
7907
7908
7936
7959
7967
7968
7987
7988
8016
8029
8039
8067
8068
8096
8109
8119
8127
8128
8176
8189
8199
8207
8208
8227
8228
8256
8269
8279
8287
8288
8307
8308
8336
8359
8367
8368
8387
8388
8509
8519
8527
8528
8576
8589
8599
8607
8608
8627
8628
8656
8669
8679
8687
8688
8707
8708
8736
8759
8767
8768
8787
8788
8816
8829
8839
8867
8868
8896
8909
8919
8927
8928
8976
8989
8999
9007
9008
9027
9028
9056
9069
9079
9087
9088
9107
9108
9136
9159
9167
9168
9187
9188
9216
9229
9239
9267
9268
9296
9309
9319
9327
9328
9376
9389
9399
9507
9508
9536
9559
9567
9568
9587
9588
9616
9629
9639
9667
9668
9696
9709
9719
9727
9728
9776
9789
9799
9807
9808
9827
9828
9856
9869
9879
9887
9888
9907
9908
9936
9959
9967
9968
9987
9988
